2020-03-12,Gesamt,2369,1892,23,,
2020-03-13,Gesamt,3062,2576,3,1,
2020-03-14,Gesamt,3795,3421,41,,
2020-03-15,Gesamt,4838,4195,5,0,
2020-03-16,Gesamt,6012,5433,6,5,
2020-03-17,Gesamt,7156,1723,8,6,
2020-03-18,Gesamt,8198,1042,9,9,
2020-03-19,Gesamt,10999,2801,13,23,
2020-03-20,Gesamt,13957,2958,17,31,
2020-03-21,Gesamt,16662,2705,20,47,
2020-03-22,Gesamt,18610,1948,22,55,
2020-03-23,Gesamt,22672,4062,27,86,
2020-03-24,Gesamt,27436,4764,33,114,
2020-03-25,Gesamt,31554,38,149,,
2020-03-26,Gesamt,36508,4954,44,198,
2020-03-27,Gesamt,42288,5780,51,253,
2020-03-28,Gesamt,48582,6294,58,325,
2020-03-30,Gesamt,57298,4751,69,455,
2020-03-31,Gesamt,61913,4615,74,583,
2020-04-01,Gesamt,67366,5453,81,732,
2020-04-03,Gesamt,79696,6174,96,1017,
2020-04-04,Gesamt,85778,6082,103,1158,
2020-04-05,Gesamt,91714,5936,110,1342,
2020-04-06,Gesamt,95391,3677,115,1434,
2020-04-07,Gesamt,99225,3834,119,1607,
2020-04-08,Gesamt,103228,4003,124,1861,
2020-04-09,Gesamt,108202,4974,130,2107,
2020-04-10,Gesamt,113525,5323,137,2373,
2020-04-11,Gesamt,117658,4133,142,2544,
2020-04-12,Gesamt,120479,2821,145,2673,
2020-04-13,Gesamt,123016,2537,148,2799,
2020-04-14,Gesamt,125098,2082,150,2969,
2020-04-15,Gesamt,127584,2486,153,3254,
2020-04-16,Gesamt,130450,2866,157,3569,
2020-04-17,Gesamt,133830,3380,161,3868,
2020-04-18,Gesamt,137439,3609,165,4110,
2020-04-19,Gesamt,139897,2458,168,4294,
2020-04-20,Gesamt,141672,1775,170,4404,
2020-04-21,Gesamt,143457,1785,173,4598,
2020-04-22,Gesamt,145694,2237,175,4879,
2020-04-23,Gesamt,148046,2352,178,5094,
2020-04-24,Gesamt,150383,2337,181,5321,
2020-04-25,Gesamt,152438,2055,183,5500,
2020-04-26,Gesamt,154175,1737,185,5640,
2020-04-28,Gesamt,156337,1144,188,5913,,1
2020-04-29,Gesamt,157641,1304,190,6115,,4
2020-04-29,Einrichtung,gemäß,Gesamt,verstorben,,
2020-04-30,Gesamt,159119,1478,191,6288,,6
2020-04-30,Einrichtung,gemäß,Gesamt,Hospitalisiert,Verstorben,
2020-05-01,Gesamt,160758,1639,193,6481,,8
2020-05-01,Einrichtung,gemäß,Gesamt,Hospitalisiert,Verstorben,
2020-05-02,Gesamt,161703,945,195,6575,,9
2020-05-02,Einrichtung,gemäß,Gesamt,Hospitalisiert,Verstorben,
2020-05-03,Gesamt,162496,793,195,6649,,0
2020-05-03,Einrichtung,gemäß,Gesamt,Hospitalisiert,Verstorben,
2020-05-04,Gesamt,163175,679,196,6692,,1
2020-05-04,Einrichtung,gemäß,Gesamt,Hospitalisiert,Verstorben,
2020-05-05,Gesamt,163860,685,197,6831,,2
2020-05-05,Einrichtung,gemäß,Gesamt,Hospitalisiert,Verstorben,
2020-05-06,Gesamt,164807,947,198,6996,,4
2020-05-06,Einrichtung,gemäß,Gesamt,Hospitalisiert,Verstorben,
